dataset: cluster_wise
beta: 0.1
ppc: 50
noise: 1
comm. rounds: 100
number of runs: 1
array([[0.95127888],
       [0.9554711 ],
       [0.9554711 ],
       [0.9554711 ],
       [0.9554711 ],
       [0.9554711 ],
       [0.9554711 ],
       [0.9554711 ],
       [0.9554711 ],
       [0.9554711 ],
       [0.9554711 ],
       [0.9554711 ],
       [0.9554711 ],
       [0.9554711 ],
       [0.9554711 ],
       [0.9554711 ],
       [0.9554711 ],
       [0.9554711 ],
       [0.9554711 ],
       [0.9554711 ],
       [0.9554711 ],
       [0.9554711 ],
       [0.9554711 ],
       [0.9554711 ],
       [0.9554711 ],
       [0.9554711 ],
       [0.9554711 ],
       [0.9554711 ],
       [0.9554711 ],
       [0.9554711 ],
       [0.9554711 ],
       [0.9554711 ],
       [0.9554711 ],
       [0.9554711 ],
       [0.9554711 ],
       [0.9554711 ],
       [0.9554711 ],
       [0.9554711 ],
       [0.9554711 ],
       [0.9554711 ],
       [0.9554711 ],
       [0.9554711 ],
       [0.9554711 ],
       [0.9554711 ],
       [0.9554711 ],
       [0.9554711 ],
       [0.9554711 ],
       [0.9554711 ],
       [0.9554711 ],
       [0.9554711 ],
       [0.9554711 ],
       [0.9554711 ],
       [0.9554711 ],
       [0.9554711 ],
       [0.9554711 ],
       [0.9554711 ],
       [0.9554711 ],
       [0.9554711 ],
       [0.9554711 ],
       [0.9554711 ],
       [0.9554711 ],
       [0.9554711 ],
       [0.9554711 ],
       [0.9554711 ],
       [0.9554711 ],
       [0.9554711 ],
       [0.9554711 ],
       [0.9554711 ],
       [0.9554711 ],
       [0.9554711 ],
       [0.9554711 ],
       [0.9554711 ],
       [0.9554711 ],
       [0.9554711 ],
       [0.9554711 ],
       [0.9554711 ],
       [0.9554711 ],
       [0.9554711 ],
       [0.9554711 ],
       [0.9554711 ],
       [0.9554711 ],
       [0.9554711 ],
       [0.9554711 ],
       [0.9554711 ],
       [0.9554711 ],
       [0.9554711 ],
       [0.9554711 ],
       [0.9554711 ],
       [0.9554711 ],
       [0.9554711 ],
       [0.9554711 ],
       [0.9554711 ],
       [0.9554711 ],
       [0.9554711 ],
       [0.9554711 ],
       [0.9554711 ],
       [0.9554711 ],
       [0.9554711 ],
       [0.9554711 ],
       [0.9554711 ]])
dataset: cluster_wise
beta: 0.1
ppc: 50
noise: 1
comm. rounds: 100
number of runs: 1
array([[0.80885147],
       [0.82737286],
       [0.83017907],
       [0.83029163],
       [0.83105502],
       [0.83245811],
       [0.85781604],
       [0.90682144],
       [0.95340115],
       [0.949945  ],
       [0.949945  ],
       [0.949945  ],
       [0.949945  ],
       [0.949945  ],
       [0.949945  ],
       [0.949945  ],
       [0.949945  ],
       [0.949945  ],
       [0.949945  ],
       [0.949945  ],
       [0.949945  ],
       [0.949945  ],
       [0.949945  ],
       [0.949945  ],
       [0.949945  ],
       [0.949945  ],
       [0.949945  ],
       [0.949945  ],
       [0.949945  ],
       [0.949945  ],
       [0.949945  ],
       [0.949945  ],
       [0.949945  ],
       [0.949945  ],
       [0.949945  ],
       [0.949945  ],
       [0.949945  ],
       [0.949945  ],
       [0.949945  ],
       [0.949945  ],
       [0.949945  ],
       [0.949945  ],
       [0.949945  ],
       [0.949945  ],
       [0.949945  ],
       [0.949945  ],
       [0.949945  ],
       [0.949945  ],
       [0.949945  ],
       [0.949945  ],
       [0.949945  ],
       [0.949945  ],
       [0.949945  ],
       [0.949945  ],
       [0.949945  ],
       [0.949945  ],
       [0.949945  ],
       [0.949945  ],
       [0.949945  ],
       [0.949945  ],
       [0.949945  ],
       [0.949945  ],
       [0.949945  ],
       [0.949945  ],
       [0.949945  ],
       [0.949945  ],
       [0.949945  ],
       [0.949945  ],
       [0.949945  ],
       [0.949945  ],
       [0.949945  ],
       [0.949945  ],
       [0.949945  ],
       [0.949945  ],
       [0.949945  ],
       [0.949945  ],
       [0.949945  ],
       [0.949945  ],
       [0.949945  ],
       [0.949945  ],
       [0.949945  ],
       [0.949945  ],
       [0.949945  ],
       [0.949945  ],
       [0.949945  ],
       [0.949945  ],
       [0.949945  ],
       [0.949945  ],
       [0.949945  ],
       [0.949945  ],
       [0.949945  ],
       [0.949945  ],
       [0.949945  ],
       [0.949945  ],
       [0.949945  ],
       [0.949945  ],
       [0.949945  ],
       [0.949945  ],
       [0.949945  ],
       [0.949945  ]])
dataset: cluster_wise
beta: 0.1
ppc: 50
noise: 1
comm. rounds: 100
number of runs: 1
array([[0.80269616],
       [0.83324681],
       [0.86083382],
       [0.90395951],
       [0.94996381],
       [0.94996381],
       [0.94996381],
       [0.94996381],
       [0.94996381],
       [0.94996381],
       [0.94996381],
       [0.94996381],
       [0.94996381],
       [0.94996381],
       [0.94996381],
       [0.94996381],
       [0.94996381],
       [0.94996381],
       [0.94996381],
       [0.94996381],
       [0.94996381],
       [0.94996381],
       [0.94996381],
       [0.94996381],
       [0.94996381],
       [0.94996381],
       [0.94996381],
       [0.94996381],
       [0.94996381],
       [0.94996381],
       [0.94996381],
       [0.94996381],
       [0.94996381],
       [0.94996381],
       [0.94996381],
       [0.94996381],
       [0.94996381],
       [0.94996381],
       [0.94996381],
       [0.94996381],
       [0.94996381],
       [0.94996381],
       [0.94996381],
       [0.94996381],
       [0.94996381],
       [0.94996381],
       [0.94996381],
       [0.94996381],
       [0.94996381],
       [0.94996381],
       [0.94996381],
       [0.94996381],
       [0.94996381],
       [0.94996381],
       [0.94996381],
       [0.94996381],
       [0.94996381],
       [0.94996381],
       [0.94996381],
       [0.94996381],
       [0.94996381],
       [0.94996381],
       [0.94996381],
       [0.94996381],
       [0.94996381],
       [0.94996381],
       [0.94996381],
       [0.94996381],
       [0.94996381],
       [0.94996381],
       [0.94996381],
       [0.94996381],
       [0.94996381],
       [0.94996381],
       [0.94996381],
       [0.94996381],
       [0.94996381],
       [0.94996381],
       [0.94996381],
       [0.94996381],
       [0.94996381],
       [0.94996381],
       [0.94996381],
       [0.94996381],
       [0.94996381],
       [0.94996381],
       [0.94996381],
       [0.94996381],
       [0.94996381],
       [0.94996381],
       [0.94996381],
       [0.94996381],
       [0.94996381],
       [0.94996381],
       [0.94996381],
       [0.94996381],
       [0.94996381],
       [0.94996381],
       [0.94996381],
       [0.94996381]])
dataset: cluster_wise
beta: 0.1
ppc: 50
noise: 1
comm. rounds: 100
number of runs: 1
array([[0.83697865],
       [0.84767006],
       [0.84849241],
       [0.84815114],
       [0.84963058],
       [0.85159248],
       [0.85159248],
       [0.85159248],
       [0.85159248],
       [0.85159248],
       [0.85159248],
       [0.85159248],
       [0.85159248],
       [0.85159248],
       [0.85159248],
       [0.85159248],
       [0.85159248],
       [0.85159248],
       [0.85159248],
       [0.85159248],
       [0.85159248],
       [0.85159248],
       [0.85159248],
       [0.85159248],
       [0.85159248],
       [0.85159248],
       [0.85159248],
       [0.85159248],
       [0.85159248],
       [0.85159248],
       [0.85159248],
       [0.85159248],
       [0.85159248],
       [0.85159248],
       [0.85159248],
       [0.85159248],
       [0.85159248],
       [0.85159248],
       [0.85159248],
       [0.85159248],
       [0.85159248],
       [0.85159248],
       [0.85159248],
       [0.85159248],
       [0.85159248],
       [0.85159248],
       [0.85159248],
       [0.85159248],
       [0.85159248],
       [0.85159248],
       [0.85159248],
       [0.85159248],
       [0.85159248],
       [0.85159248],
       [0.85159248],
       [0.85159248],
       [0.85159248],
       [0.85159248],
       [0.85159248],
       [0.85159248],
       [0.85159248],
       [0.85159248],
       [0.85159248],
       [0.85159248],
       [0.85159248],
       [0.85159248],
       [0.85159248],
       [0.85159248],
       [0.85159248],
       [0.85159248],
       [0.85159248],
       [0.85159248],
       [0.85159248],
       [0.85159248],
       [0.85159248],
       [0.85159248],
       [0.85159248],
       [0.85159248],
       [0.85159248],
       [0.85159248],
       [0.85159248],
       [0.85159248],
       [0.85159248],
       [0.85159248],
       [0.85159248],
       [0.85159248],
       [0.85159248],
       [0.85159248],
       [0.85159248],
       [0.85159248],
       [0.85159248],
       [0.85159248],
       [0.85159248],
       [0.85159248],
       [0.85159248],
       [0.85159248],
       [0.85159248],
       [0.85159248],
       [0.85159248],
       [0.85159248]])
dataset: cluster_wise
beta: 0.1
ppc: 50
noise: 1
comm. rounds: 100
number of runs: 1
array([[0.84513693],
       [0.84135198],
       [0.84014904],
       [0.84014904],
       [0.84014904],
       [0.84014904],
       [0.84014904],
       [0.84014904],
       [0.84014904],
       [0.84014904],
       [0.84014904],
       [0.84014904],
       [0.84014904],
       [0.84014904],
       [0.84014904],
       [0.84014904],
       [0.84014904],
       [0.84014904],
       [0.84014904],
       [0.84014904],
       [0.84014904],
       [0.84014904],
       [0.84014904],
       [0.84014904],
       [0.84014904],
       [0.84014904],
       [0.84014904],
       [0.84014904],
       [0.84014904],
       [0.84014904],
       [0.84014904],
       [0.84014904],
       [0.84014904],
       [0.84014904],
       [0.84014904],
       [0.84014904],
       [0.84014904],
       [0.84014904],
       [0.84014904],
       [0.84014904],
       [0.84014904],
       [0.84014904],
       [0.84014904],
       [0.84014904],
       [0.84014904],
       [0.84014904],
       [0.84014904],
       [0.84014904],
       [0.84014904],
       [0.84014904],
       [0.84014904],
       [0.84014904],
       [0.84014904],
       [0.84014904],
       [0.84014904],
       [0.84014904],
       [0.84014904],
       [0.84014904],
       [0.84014904],
       [0.84014904],
       [0.84014904],
       [0.84014904],
       [0.84014904],
       [0.84014904],
       [0.84014904],
       [0.84014904],
       [0.84014904],
       [0.84014904],
       [0.84014904],
       [0.84014904],
       [0.84014904],
       [0.84014904],
       [0.84014904],
       [0.84014904],
       [0.84014904],
       [0.84014904],
       [0.84014904],
       [0.84014904],
       [0.84014904],
       [0.84014904],
       [0.84014904],
       [0.84014904],
       [0.84014904],
       [0.84014904],
       [0.84014904],
       [0.84014904],
       [0.84014904],
       [0.84014904],
       [0.84014904],
       [0.84014904],
       [0.84014904],
       [0.84014904],
       [0.84014904],
       [0.84014904],
       [0.84014904],
       [0.84014904],
       [0.84014904],
       [0.84014904],
       [0.84014904],
       [0.84014904]])
dataset: cluster_wise
beta: 0.1
ppc: 50
noise: 1
comm. rounds: 100
number of runs: 1
array([[0.84013429],
       [0.85692545],
       [0.85043547],
       [0.85369986],
       [0.85369986],
       [0.85369986],
       [0.85369986],
       [0.85369986],
       [0.85369986],
       [0.85369986],
       [0.85369986],
       [0.85369986],
       [0.85369986],
       [0.85369986],
       [0.85369986],
       [0.85369986],
       [0.85369986],
       [0.85369986],
       [0.85369986],
       [0.85369986],
       [0.85369986],
       [0.85369986],
       [0.85369986],
       [0.85369986],
       [0.85369986],
       [0.85369986],
       [0.85369986],
       [0.85369986],
       [0.85369986],
       [0.85369986],
       [0.85369986],
       [0.85369986],
       [0.85369986],
       [0.85369986],
       [0.85369986],
       [0.85369986],
       [0.85369986],
       [0.85369986],
       [0.85369986],
       [0.85369986],
       [0.85369986],
       [0.85369986],
       [0.85369986],
       [0.85369986],
       [0.85369986],
       [0.85369986],
       [0.85369986],
       [0.85369986],
       [0.85369986],
       [0.85369986],
       [0.85369986],
       [0.85369986],
       [0.85369986],
       [0.85369986],
       [0.85369986],
       [0.85369986],
       [0.85369986],
       [0.85369986],
       [0.85369986],
       [0.85369986],
       [0.85369986],
       [0.85369986],
       [0.85369986],
       [0.85369986],
       [0.85369986],
       [0.85369986],
       [0.85369986],
       [0.85369986],
       [0.85369986],
       [0.85369986],
       [0.85369986],
       [0.85369986],
       [0.85369986],
       [0.85369986],
       [0.85369986],
       [0.85369986],
       [0.85369986],
       [0.85369986],
       [0.85369986],
       [0.85369986],
       [0.85369986],
       [0.85369986],
       [0.85369986],
       [0.85369986],
       [0.85369986],
       [0.85369986],
       [0.85369986],
       [0.85369986],
       [0.85369986],
       [0.85369986],
       [0.85369986],
       [0.85369986],
       [0.85369986],
       [0.85369986],
       [0.85369986],
       [0.85369986],
       [0.85369986],
       [0.85369986],
       [0.85369986],
       [0.85369986]])
dataset: cluster_wise
beta: 0.1
ppc: 50
noise: 1
comm. rounds: 100
number of runs: 1
array([[0.7349138 ],
       [0.76234577],
       [0.76099821],
       [0.76091738],
       [0.7598854 ],
       [0.75947143],
       [0.76145969],
       [0.75902636],
       [0.75902636],
       [0.75902636],
       [0.75902636],
       [0.75902636],
       [0.75902636],
       [0.75902636],
       [0.75902636],
       [0.75902636],
       [0.75902636],
       [0.75902636],
       [0.75902636],
       [0.75902636],
       [0.75902636],
       [0.75902636],
       [0.75902636],
       [0.75902636],
       [0.75902636],
       [0.75902636],
       [0.75902636],
       [0.75902636],
       [0.75902636],
       [0.75902636],
       [0.75902636],
       [0.75902636],
       [0.75902636],
       [0.75902636],
       [0.75902636],
       [0.75902636],
       [0.75902636],
       [0.75902636],
       [0.75902636],
       [0.75902636],
       [0.75902636],
       [0.75902636],
       [0.75902636],
       [0.75902636],
       [0.75902636],
       [0.75902636],
       [0.75902636],
       [0.75902636],
       [0.75902636],
       [0.75902636],
       [0.75902636],
       [0.75902636],
       [0.75902636],
       [0.75902636],
       [0.75902636],
       [0.75902636],
       [0.75902636],
       [0.75902636],
       [0.75902636],
       [0.75902636],
       [0.75902636],
       [0.75902636],
       [0.75902636],
       [0.75902636],
       [0.75902636],
       [0.75902636],
       [0.75902636],
       [0.75902636],
       [0.75902636],
       [0.75902636],
       [0.75902636],
       [0.75902636],
       [0.75902636],
       [0.75902636],
       [0.75902636],
       [0.75902636],
       [0.75902636],
       [0.75902636],
       [0.75902636],
       [0.75902636],
       [0.75902636],
       [0.75902636],
       [0.75902636],
       [0.75902636],
       [0.75902636],
       [0.75902636],
       [0.75902636],
       [0.75902636],
       [0.75902636],
       [0.75902636],
       [0.75902636],
       [0.75902636],
       [0.75902636],
       [0.75902636],
       [0.75902636],
       [0.75902636],
       [0.75902636],
       [0.75902636],
       [0.75902636],
       [0.75902636]])
dataset: cluster_wise
beta: 0.1
ppc: 50
noise: 1
comm. rounds: 100
number of runs: 1
array([[0.88630672],
       [0.9451428 ],
       [0.94851161],
       [0.94851161],
       [0.94851161],
       [0.94851161],
       [0.94851161],
       [0.94851161],
       [0.94851161],
       [0.94851161],
       [0.94851161],
       [0.94851161],
       [0.94851161],
       [0.94851161],
       [0.94851161],
       [0.94851161],
       [0.94851161],
       [0.94851161],
       [0.94851161],
       [0.94851161],
       [0.94851161],
       [0.94851161],
       [0.94851161],
       [0.94851161],
       [0.94851161],
       [0.94851161],
       [0.94851161],
       [0.94851161],
       [0.94851161],
       [0.94851161],
       [0.94851161],
       [0.94851161],
       [0.94851161],
       [0.94851161],
       [0.94851161],
       [0.94851161],
       [0.94851161],
       [0.94851161],
       [0.94851161],
       [0.94851161],
       [0.94851161],
       [0.94851161],
       [0.94851161],
       [0.94851161],
       [0.94851161],
       [0.94851161],
       [0.94851161],
       [0.94851161],
       [0.94851161],
       [0.94851161],
       [0.94851161],
       [0.94851161],
       [0.94851161],
       [0.94851161],
       [0.94851161],
       [0.94851161],
       [0.94851161],
       [0.94851161],
       [0.94851161],
       [0.94851161],
       [0.94851161],
       [0.94851161],
       [0.94851161],
       [0.94851161],
       [0.94851161],
       [0.94851161],
       [0.94851161],
       [0.94851161],
       [0.94851161],
       [0.94851161],
       [0.94851161],
       [0.94851161],
       [0.94851161],
       [0.94851161],
       [0.94851161],
       [0.94851161],
       [0.94851161],
       [0.94851161],
       [0.94851161],
       [0.94851161],
       [0.94851161],
       [0.94851161],
       [0.94851161],
       [0.94851161],
       [0.94851161],
       [0.94851161],
       [0.94851161],
       [0.94851161],
       [0.94851161],
       [0.94851161],
       [0.94851161],
       [0.94851161],
       [0.94851161],
       [0.94851161],
       [0.94851161],
       [0.94851161],
       [0.94851161],
       [0.94851161],
       [0.94851161],
       [0.94851161]])
dataset: cluster_wise
beta: 0.1
ppc: 50
noise: 1
comm. rounds: 100
number of runs: 1
array([[0.93645903],
       [0.95194351],
       [0.95194351],
       [0.95194351],
       [0.95194351],
       [0.95194351],
       [0.95194351],
       [0.95194351],
       [0.95194351],
       [0.95194351],
       [0.95194351],
       [0.95194351],
       [0.95194351],
       [0.95194351],
       [0.95194351],
       [0.95194351],
       [0.95194351],
       [0.95194351],
       [0.95194351],
       [0.95194351],
       [0.95194351],
       [0.95194351],
       [0.95194351],
       [0.95194351],
       [0.95194351],
       [0.95194351],
       [0.95194351],
       [0.95194351],
       [0.95194351],
       [0.95194351],
       [0.95194351],
       [0.95194351],
       [0.95194351],
       [0.95194351],
       [0.95194351],
       [0.95194351],
       [0.95194351],
       [0.95194351],
       [0.95194351],
       [0.95194351],
       [0.95194351],
       [0.95194351],
       [0.95194351],
       [0.95194351],
       [0.95194351],
       [0.95194351],
       [0.95194351],
       [0.95194351],
       [0.95194351],
       [0.95194351],
       [0.95194351],
       [0.95194351],
       [0.95194351],
       [0.95194351],
       [0.95194351],
       [0.95194351],
       [0.95194351],
       [0.95194351],
       [0.95194351],
       [0.95194351],
       [0.95194351],
       [0.95194351],
       [0.95194351],
       [0.95194351],
       [0.95194351],
       [0.95194351],
       [0.95194351],
       [0.95194351],
       [0.95194351],
       [0.95194351],
       [0.95194351],
       [0.95194351],
       [0.95194351],
       [0.95194351],
       [0.95194351],
       [0.95194351],
       [0.95194351],
       [0.95194351],
       [0.95194351],
       [0.95194351],
       [0.95194351],
       [0.95194351],
       [0.95194351],
       [0.95194351],
       [0.95194351],
       [0.95194351],
       [0.95194351],
       [0.95194351],
       [0.95194351],
       [0.95194351],
       [0.95194351],
       [0.95194351],
       [0.95194351],
       [0.95194351],
       [0.95194351],
       [0.95194351],
       [0.95194351],
       [0.95194351],
       [0.95194351],
       [0.95194351]])
