0.2134264184555821 0.3290524900216308
0.21339088125164282 0.32892593960059296
0.21340178313594899 0.32908135836618413
0.21374822301498864 0.3293668449926986
0.2133230111923178 0.3288662885446137
0.21374822301498864 0.32936604296162875
0.21335397761267577 0.32885435613092734
0.21371271128100117 0.3293446618867191
0.21375971957678772 0.32937807628881627
0.2133513444596757 0.3289059422416287
0.21339349724587853 0.3289528192404253
0.21374822301498864 0.3293668449926986
0.21374107278717322 0.3293610463440508
0.21374822301498864 0.3293668449926986
0.21335842462053878 0.32886884790892357
0.2136571059002396 0.32923888671125084
0.21374836316577028 0.32936224653280455
0.21371466291904426 0.32934882181254255
0.21367856170832855 0.3292824874486976
0.2137191596100953 0.32931515085280644
0.21365489978254298 0.32924038416159224
0.2136758511098423 0.32931379688965917
0.21369013997039243 0.3292636214227931
0.21374822301498864 0.3293668449926986
0.21372324449166405 0.3293553190052719
0.21370468517482358 0.32930372490477006
0.21373520193306392 0.3293610472958613
0.21375750419321193 0.3293802970300195
0.21332808611618564 0.32884169916497796
0.21372324449166405 0.3293553190052718
0.2136875784323412 0.32927244096701397
0.2134091234336022 0.3289081546729394
0.21351601991522426 0.3290455639150304
0.21342948134585477 0.3290831113836576
0.21342780426002317 0.32898272718723237
0.21365845464363264 0.3293520615143281
0.21375614720026273 0.32937760592483234
0.21372324449166405 0.3293553190052719
0.2137433085313747 0.3293659345794301
0.21369894848955837 0.32931330158475597
0.21371271128100117 0.3293446618867191
0.21371972954467158 0.32934818866258603
0.21338438641218557 0.32896366296643836
0.21371985517206898 0.32934478956517727
0.21339242272648826 0.32903606376484673
0.2137150170771007 0.3293488292613994
0.21329106750476629 0.32888663460060336
0.2137262085037206 0.3293575770899101
0.21371723843646825 0.32934514823331235
0.21373099041153784 0.3293587129406574
0.21372161448205287 0.3293488048312429
0.21365493181122466 0.32930503625998714
0.2134247972961599 0.32907417827939933
0.2137238537667661 0.3293631285450522
0.2136124717952294 0.3292927257769224
0.2134172767829759 0.3290347897762531
0.21372803661103912 0.32932223841184666
0.21375971957678772 0.32937807628881627
0.21346681703201584 0.3291358318424251
0.21349463245956865 0.3291563094299508
0.21332427933536446 0.3288060337902947
0.21374991061194443 0.32936733370315735
0.21331767860486825 0.3288766512172388
0.21328483658159963 0.3287744307367484
0.21376326756864433 0.3293815087179453
0.21342063414880919 0.3290590786617771
0.21333267675363504 0.3288986987659176
0.2137313875593279 0.32936345065406764
0.21332375120522162 0.32886821536317973
0.21342049710458683 0.3289546520463143
0.21335590649525873 0.3289556473036925
0.21343816730174284 0.32903623776283253
0.21342793338598562 0.32910368960010594
0.2133345039441395 0.328902608922881
0.21342423474054745 0.3290861245740193
0.21362846131678173 0.32923642220690824
0.21330312035323298 0.32883291919486984
0.21374822301498864 0.3293668449926986
0.2133452071763633 0.3288559484626852
0.21341678584402743 0.3290338028528668
0.21336932674151515 0.3288857614254
0.21376326756864433 0.3293815087179453
0.2137063877502376 0.32930448522893013
0.21329561174849085 0.3288268879381633
0.21338864471470517 0.329020378645767
0.21372083409389472 0.3293443284070782
0.21342497530453558 0.3290523706829092
0.21346906228164456 0.32913927936186266
0.21372324449166405 0.3293553190052719
0.213693226495778 0.3293400946591128
0.21371985517206898 0.32934478956517727
0.21370744504340222 0.329341425113727
0.21369536950038345 0.3292857174136922
0.2134057327953062 0.3290475452593366
0.21370744504340222 0.329341425113727
0.2137348829766122 0.3293644369322574
0.21367862061897933 0.32926341557627203
0.21347391085285025 0.329008397443986
0.21372324449166405 0.3293553190052718
0.21374822301498864 0.32936604296162875
0.21375129348602936 0.32937935500968635
0.2137294721214846 0.32935844479140886
0.21335065359778704 0.32887685124563
0.21368168227664391 0.329329535235016
0.2133255224352655 0.32886136468311644
0.2136359264302596 0.3292774883003813
0.21368129299841598 0.32926703636679067
0.2137348829766122 0.3293644369322574
0.21341381973329424 0.32902749560222744
0.21342386494241128 0.329041486322543
0.2133023840684612 0.328826586763195
0.21375971957678772 0.32937807628881627
0.21374489749823306 0.3293625839485334
0.2136052390359303 0.3291461024618717
0.21376193556501435 0.32946053467749
0.2136720292693907 0.3292302657760769
0.21372362739020323 0.3293532625852779
0.21369217228134718 0.32927050731222035
0.21348495797608136 0.32914965338648755
0.21335253386767236 0.32885516350921007
0.21342906343962484 0.32894581572854914
0.21373518296588478 0.3293586075386245
0.213704035069498 0.3293202378758247
0.21333946101972648 0.3288214469401508
0.21336654546097789 0.3289068332476393
0.21375971957678772 0.32937807628881627
0.21371271128100117 0.3293446618867191
0.21357867358911717 0.32923912718348486
0.2134275962225908 0.32908314239576275
0.21375971957678772 0.32937807628881627
0.21334516758303051 0.3288469283064702
0.2137262085037206 0.32935699444005806
0.21376034846605796 0.32937856180405484
0.21335905753079182 0.32887500175670675
0.21372358704662972 0.3293569589758545
0.21368928196637824 0.32926931604742415
0.21370761239381555 0.3293404250292594
0.21375971957678772 0.32937807628881627
0.2137113974075226 0.32934294991373847
0.21372324449166405 0.3293553190052718
0.2137262085037206 0.32935699444005806
0.21369112939530405 0.32933963294061447
0.21342998673921543 0.32908116243275837
0.21375750419321193 0.3293802970300195
0.21358569148373088 0.3292409963368011
0.21329546169133612 0.3288448910248375
0.21330247505155292 0.3288538959511377
0.21373225402916227 0.3293610974077337
0.21372821772582365 0.32931411820408535
0.2134551946352803 0.3291507072751813
0.21372083409389472 0.3293443284070782
0.21373003554410472 0.3293579262598995
0.213737009036421 0.3293646693442449
0.213281905563695 0.32880569217025196
0.21372083409389472 0.3293443284070782
0.2137488963041951 0.3293702252627033
0.213742224729926 0.32936731532149144
0.21342400859082172 0.3290350206811919
0.21370802043007922 0.3293347272463843
0.21340120223602813 0.32902963530456014
0.2137433529211975 0.32936440357568547
0.21335565508308538 0.32888927436969856
0.21371271128100117 0.3293446618867191
0.21374822301498864 0.3293668449926986
0.2137737172212277 0.3294257646480723
0.21373846373499325 0.3293634412872725
0.21372324449166405 0.3293553190052718
0.21374086398370742 0.32936765459090833
0.21331847993449707 0.3288456528012659
0.21339255178482025 0.3289643177974976
0.213586048821275 0.3292451990689323
0.213445136987368 0.3290850447848257
0.21372706211745676 0.32935267611411007
0.21370744504340222 0.329341425113727
0.21372083409389472 0.3293443284070782
0.21371985517206898 0.32934478956517727
0.21371000663175294 0.3293427810034178
0.2136875784323412 0.3292720983011995
0.21347467776917955 0.32897214201717423
0.21371730793876997 0.3293039631343306
0.21363289872355762 0.3292009040788762
0.21373134469544885 0.32935834153652016
0.21339498340791943 0.32902277444569755
0.21372324449166405 0.3293553190052719
0.21334840408447095 0.32887722976120193
0.2133308775366066 0.3288434912648738
0.2137189280402217 0.3293130593500494
0.2137301617539056 0.3293466328288198
0.21371466291904426 0.32934882181254255
0.21342189072809153 0.3290647900791828
0.2136704389440014 0.3293147272439208
0.2134114783251671 0.32901561957496867
0.21370744504340222 0.329341425113727
0.21374319537903097 0.3293652718548653
0.21334670746737672 0.3289515638689035
0.21374836316577028 0.3293622465328046
0.2137196510252052 0.32934949882906217
0.21371271128100117 0.3293446618867191
0.2137262085037206 0.32935699444005806
0.21374836316577028 0.3293622465328046
